measurement: ATLAS_ZjjEW_dphijj_ins1803608
cov:
- [15.363093732, 4.87895724674, 2.59574298151, 0.460284095123, -0.0335034958253, -0.157015222308,
  -0.10106801469, -0.0462099300005, 0.507998052026, 2.26900610272, 5.60781795187,
  10.0484899266]
- [4.87895724674, 8.07604981511, 1.62803045546, 0.293369790838, 0.065510388845, -0.0609181754488,
  -0.0491003607482, 0.0623256758824, 0.383981685111, 1.64359728053, 5.34856641033,
  4.842643902]
- [2.59574298151, 1.62803045546, 2.28709211768, 0.318455043661, 0.107999770967, 0.0495741968802,
  0.0600467054428, 0.140908737502, 0.336222643327, 1.32932771229, 1.90563883591, 2.46997521467]
- [0.460284095123, 0.293369790838, 0.318455043661, 0.340923924261, 0.086617048375,
  0.061343610528, 0.0609383276889, 0.0929556719787, 0.214151452187, 0.317839013745,
  0.285067484133, 0.475648507876]
- [-0.0335034958253, 0.065510388845, 0.107999770967, 0.086617048375, 0.119266633894,
  0.0438516031919, 0.0487960538291, 0.0794516477795, 0.0851418188406, 0.115294862071,
  0.0576621145378, -0.0141132179589]
- [-0.157015222308, -0.0609181754488, 0.0495741968802, 0.061343610528, 0.0438516031919,
  0.0781709540079, 0.0425871207339, 0.0493148158631, 0.0673417965468, 0.0487960538291,
  -0.0547498210139, -0.133028586365]
- [-0.10106801469, -0.0491003607482, 0.0600467054428, 0.0609383276889, 0.0487960538291,
  0.0425871207339, 0.0668554571399, 0.0441434068361, 0.0563667372637, 0.0650073673936,
  -0.0562611002814, -0.0715061066085]
- [-0.0462099300005, 0.0623256758824, 0.140908737502, 0.0929556719787, 0.0794516477795,
  0.0493148158631, 0.0441434068361, 0.123822013005, 0.0870223312141, 0.148787435895,
  0.0640509989945, -0.0274290423446]
- [0.507998052026, 0.383981685111, 0.336222643327, 0.214151452187, 0.0851418188406,
  0.0673417965468, 0.0563667372637, 0.0870223312141, 0.355676219605, 0.29575920467,
  0.397991827676, 0.526603902068]
- [2.26900610272, 1.64359728053, 1.32932771229, 0.317839013745, 0.115294862071, 0.0487960538291,
  0.0650073673936, 0.148787435895, 0.29575920467, 2.24429424987, 1.78888764787, 1.90596512628]
- [5.60781795187, 5.34856641033, 1.90563883591, 0.285067484133, 0.0576621145378, -0.0547498210139,
  -0.0562611002814, 0.0640509989945, 0.397991827676, 1.78888764787, 8.42379746139,
  4.71554719542]
- [10.0484899266, 4.842643902, 2.46997521467, 0.475648507876, -0.0141132179589, -0.133028586365,
  -0.0715061066085, -0.0274290423446, 0.526603902068, 1.90596512628, 4.71554719542,
  14.2146208121]
bf: [26.437, 17.36, 11.665, 4.2075, 1.4458, 1.2259, 1.1858, 2.048, 4.865, 12.109,
  15.393, 22.828]
sm: [27.397, 22.038, 11.917, 4.3846, 1.5262, 0.80637, 0.84705, 1.5624, 4.4635, 12.281,
  21.877, 27.293]
bin_labels: ["ZJJ_dphijj_bin_0","ZJJ_dphijj_bin_1","ZJJ_dphijj_bin_2","ZJJ_dphijj_bin_3",
  "ZJJ_dphijj_bin_4","ZJJ_dphijj_bin_5","ZJJ_dphijj_bin_6","ZJJ_dphijj_bin_7",
  "ZJJ_dphijj_bin_8","ZJJ_dphijj_bin_9","ZJJ_dphijj_bin_10","ZJJ_dphijj_bin_11"]
